81
107
93
97
80
93
96
107
87
86
59
100
64
86
69
81
72
79
132
78
120
67
99
88
115
107
84
126
91
91
75
105
72
63
98
114
96
108
71
78
87
84
101
119
102
84
88
92
95
71
103
64
111
83
91
118
58
80
63
92
106
80
85
96
75
84
103
110
99
94
89
93
102
96
77
119
90
103
72
62
74
98
111
84
123
78
91
78
110
94
121
98
96
91
91
101
84
93
95
71
96
65
89
73
94
110
87
104
100
92
69
87
62
79
74
100
109
66
73
119
104
85
86
103
76
110
68
70
94
75
99
114
104
91
116
90
75
81
66
76
87
99
83
93
111
89
118
69
78
122
105
68
91
93
96
92
81
65
74
102
96
111
106
87
54
93
100
116
101
136
105
110
81
111
70
90
88
104
73
108
92
82
102
102
107
111
81
63
104
73
150
100
100
74
121
114
89
89
122
107
85
98
79
97
83
103
95
84
98
93
99
59
90
100
126
88
92
70
115
73
93
103
82
77
84
85
102
79
99
94
104
77
68
79
95
90
95
88
79
111
94
89
84
60
93
67
97
99
86
134
95
98
80
61
101
83
96
63
99
89
77
77
112
102
71
70
86
89
85
69
115
96
75
109
119
83
85
94
68
100
130
96
55
97
103
93
91
80
74
82
111
81
97
80
63
80
64
99
73
59
85
66
103
123
104
98
120
71
99
85
84
107
79
92
92
66
86
103
62
71
110
90
71
79
61
90
76
86
77
82
98
104
86
106
156
133
105
80
109
122
77
84
100
79
79
60
89
82
96
125
111
86
119
121
107
72
110
101
93
75
77
92
87
86
89
117
133
118
95
74
82
73
122
56
108
103
84
117
80
109
72
103
68
107
87
115
102
92
77
75
94
68
118
72
96
100
97
86
103
92
80
94
89
76
85
70
107
96
95
92
91
118
90
111
85
84
80
88
116
75
83
88
101
70
132
77
97
77
80
76
90
81
98
95
109
125
94
101
90
73
106
75
105
88
86
99
95
78
60
86
88
92
55
95
62
109
68
98
73
96
88
78
92
84
85
85
101
91
132
83
89
74
62
81
91
82
96
104
97
104
90
72
84
67
74
127
86
99
89
62
92
75
86
74
95
89
108
99
88
118
63
68
82
68
89
85
85
77
73
103
79
98
77
100
95
109
112
88
94
78
82
62
96
95
100
81
98
119
64
100
92
87
88
87
89
82
109
89
79
104
84
99
76
80
71
113
85
61
72
85
51
91
121
121
102
120
70
86
79
68
84
76
80
75
91
143
110
111
100
95
71
109
102
68
109
123
80
126
117
96
114
89
55
64
89
109
112
100
72
97
68
85
86
66
65
101
83
113
75
79
124
111
69
76
118
89
106
103
100
93
103
89
89
71
72
75
94
104
105
85
87
93
77
104
109
80
78
132
93
61
111
74
83
83
81
79
91
72
119
89
97
98
87
72
112
95
74
92
93
76
104
73
117
93
109
114
70
90
74
82
93
129
68
72
96
97
69
112
89
72
71
95
86
110
89
121
89
124
89
99
84
102
118
85
92
87
77
83
86
104
87
109
118
98
84
94
78
97
99
93
72
106
72
101
107
97
76
89
92
99
116
63
75
92
106
120
136
85
72
106
115
113
76
94
120
79
67
93
77
67
92
89
69
112
70
87
78
105
81
91
88
74
98
93
82
105
90
68
114
83
96
67
100
85
107
80
93
100
70
92
76
74
128
73
102
60
88
80
89
81
59
97
78
121
101
86
124
73
126
81
99
107
60
127
75
47
86
88
91
88
101
108
74
92
76
83
68
95
84
77
78
89
92
72
83
102
75
72
85
92
93
83
134
106
110
88
114
103
78
92
102
84
64
95
75
85
87
115
93
107
92
77
97
110
94
88
100
60
78
99
78
83
139
97
76
84
99
81
102
103
115
81
108
77
69
94
88
61
77
112
96
91
98
85
93
91
89
73
88
79
133
94
82
93
79
69
112
98
72
100
114
88
82
103
96
63
81
69
78
106
108
103
80
114
84
82
100
83
103
98
127
107
114
88
98
62
100
71
88
78
82
97
82
74
100
123
100
73
67
70
88
69
107
97
80
100
99
59
106
71
75
122
89
98
73
128
84
96
90
75
81
103
83
71
85
60
82
107
76
96
119
83
91
110
80
106
117
110
118
79
92
107
89
75
57
102
75
62
106
79
110
82
64
93
93
103
77
88
78
116
92
65
73
85
100
115
147
106
113
126
119
92
90
147
76
110
90
60
93
74
